219835956115133496870457458802249970531159 850128198218966561626862576294364240012851 -630292242103833064756405117492114269481692
395719717324433486505800127530088607620774 351545005908144235013072807894195155785336 44174711416289251492727319635893451835438
731831832710492601503278790106701986270563 717029527721181228424075435834942178870273 14802304989311373079203354271759807400290
714388882490640740171564051968090106233784 225840690804491848593011478242847534271060 488548191686148891578552573725242571962724
297434783424830481421945476198455311174570 438798161222466827392839040749280589901278 -141363377797636345970893564550825278726708
835681802543570397898505580865494221864368 122984231667284114548942241121905869948070 712697570876286283349563339743588351916298
619596228900281073054752867082659130815944 915189351239912333369312870409520201411331 -295593122339631260314560003326861070595387
582718514661153227720468384918234707534697 136811693585253004240289699022626782011445 445906821075900223480178685895607925523252
910032354600108854864368304764703670805326 605030127905582810422246451416677332814223 305002226694526044442121853348026337991103
487460118499404502606877015875633310661802 195323923711581316114831594787333893892739 292136194787823186492045421088299416769063
