219835956115133496870457458802249970531159 850128198218966561626862576294364240012851 186888745275902243656405274565311718625367795731083689578223290674078729725455924309
395719717324433486505800127530088607620774 351545005908144235013072807894195155785336 139113290364787136605036001617285846728881148109574859392521506301779854904438170064
731831832710492601503278790106701986270563 717029527721181228424075435834942178870273 524745033379731018106891006070976692637756298943610300775374583236104826203855673699
714388882490640740171564051968090106233784 225840690804491848593011478242847534271060 161338078724735255991647962886409493911851230813271278902107944287894976084385491040
297434783424830481421945476198455311174570 438798161222466827392839040749280589901278 130513836050418269609492565219054548307209184226771495480981602557051497366524100460
835681802543570397898505580865494221864368 122984231667284114548942241121905869948070 102775684404152041034862085823344431265331900157179230545123399250691688098743369760
619596228900281073054752867082659130815944 915189351239912333369312870409520201411331 567047870757944455988856182273154189715382244636834281664395122835487943822397061464
582718514661153227720468384918234707534697 136811693585253004240289699022626782011445 79722706874275455748731035624180192356707645477306904739351119403813542682788607165
910032354600108854864368304764703670805326 605030127905582810422246451416677332814223 550596991901922551926354258704779527838043482539411236339231382930226846024356951698
487460118499404502606877015875633310661802 195323923711581316114831594787333893892739 95212622998216073288336969503198336255553903466611182648569877172019981182092455678
