219835956115133496870457458802249970531159 850128198218966561626862576294364240012851 1069964154334100058497320035096614210544010
395719717324433486505800127530088607620774 351545005908144235013072807894195155785336 747264723232577721518872935424283763406110
731831832710492601503278790106701986270563 717029527721181228424075435834942178870273 1448861360431673829927354225941644165140836
714388882490640740171564051968090106233784 225840690804491848593011478242847534271060 940229573295132588764575530210937640504844
297434783424830481421945476198455311174570 438798161222466827392839040749280589901278 736232944647297308814784516947735901075848
835681802543570397898505580865494221864368 122984231667284114548942241121905869948070 958666034210854512447447821987400091812438
619596228900281073054752867082659130815944 915189351239912333369312870409520201411331 1534785580140193406424065737492179332227275
582718514661153227720468384918234707534697 136811693585253004240289699022626782011445 719530208246406231960758083940861489546142
910032354600108854864368304764703670805326 605030127905582810422246451416677332814223 1515062482505691665286614756181381003619549
487460118499404502606877015875633310661802 195323923711581316114831594787333893892739 682784042210985818721708610662967204554541
